4 108 61
4.88226 108.008 62
5.81981 108.024 63
6.68744 108.033 64
7.65096 108.085 65
8.55785 108.079 66
9.47002 108.06 67
10.4283 108.051 68
11.3453 108.06 69
12.1728 108.032 70
12.9326 108.024 71
13.6802 107.991 72
14.5158 108.016 73
15.2234 108.004 74
15.9915 108.005 75
16.6219 108.024 76
17.3181 108.069 77
18.0112 108.14 78
18.5611 108.221 79
19.1543 108.197 80
19.7328 108.262 81
20.3103 108.28 82
20.9523 108.326 83
21.667 108.381 84
22.2967 108.414 85
22.9048 108.455 86
23.5763 108.472 87
24.1705 108.46 88
24.881 108.466 89
25.5193 108.419 90
26.1308 108.42 91
26.773 108.448 92
27.4885 108.443 93
28.142 108.49 94
28.7622 108.507 95
29.3766 108.514 96
29.9542 108.521 97
30.5318 108.54 98
31.1586 108.566 99
31.8399 108.632 100
32.5769 108.619 101
33.178 108.616 102
33.8501 108.659 103
34.347 108.609 104
34.8424 108.619 105
35.3388 108.638 106
35.9456 108.656 107
36.5432 108.671 108
37.2547 108.689 109
37.9175 108.69 110
38.5869 108.662 111
39.2604 108.643 112
39.8554 108.616 113
40.5538 108.613 114
41.2127 108.631 115
41.7847 108.628 116
42.3318 108.601 117
42.6989 108.605 118
